Current time: 01/21/24 19:08:38.196578000 UTC
  Sent.                        Matched  Bracket   Cross        Correct Tag
 ID  Len.  Stat. Recal  Prec.  Bracket gold test Bracket Words  Tags Accracy
============================================================================
   1   28    0   85.71  85.71    18     21   21      3     29    26    89.66
   2   27    0   91.30  84.00    21     23   25      2     28    25    89.29
   3   33    0   88.00  88.00    22     25   25      3     35    31    88.57
   4   43    0   72.73  72.73    24     33   33      7     43    40    93.02
   5   18    0   69.57  84.21    16     23   19      2     19    12    63.16
   6   33    0   70.97  66.67    22     31   33      6     34    27    79.41
   7   36    0   81.40  85.37    35     43   41      4     38    30    78.95
   8   33    0  100.00 100.00    23     23   23      0     34    29    85.29
   9   22    0   78.95  78.95    15     19   19      4     22    22   100.00
  10   12    0  100.00 100.00    11     11   11      0     13    11    84.62
  11   49    0   65.22  66.67    30     46   45     11     53    44    83.02
  12   77    0   76.06  83.08    54     71   65      9     82    70    85.37
  13   30    0   85.19  92.00    23     27   25      1     30    29    96.67
  14    1    0  100.00 100.00     1      1    1      0      5     0     0.00
  15    1    0  100.00 100.00     1      1    1      0      1     1   100.00
  16   72    0   82.50  81.48    66     80   81     11     76    67    88.16
  17   14    0   90.91  90.91    10     11   11      1     14    14   100.00
  18   55    0   79.59  82.98    39     49   47      7     55    54    98.18
  19   40    0   91.49  95.56    43     47   45      2     40    39    97.50
  20   32    0   96.77  96.77    30     31   31      0     33    30    90.91
  21   75    0   75.38  80.33    49     65   61      7     75    72    96.00
  22   27    0   72.41  77.78    21     29   27      4     28    25    89.29
  23   42    0   94.29  94.29    33     35   35      2     43    40    93.02
  24   41    0   83.87  83.87    26     31   31      4     43    38    88.37
  25   43    0   76.92  73.17    30     39   41      8     45    40    88.89
  26    1    0  100.00 100.00     1      1    1      0      5     0     0.00
  27    1    0  100.00 100.00     1      1    1      0      1     1   100.00
  28   42    0   71.43  63.83    30     42   47     12     43    37    86.05
  29   67    0   69.86  69.86    51     73   73     18     67    52    77.61
  30   51    0   84.44  84.44    38     45   45      5     52    47    90.38
  31   19    0   93.33  93.33    14     15   15      1     19    19   100.00
  32   32    0   72.41  72.41    21     29   29      7     35    27    77.14
  33   28    0   91.30  91.30    21     23   23      2     29    27    93.10
  34   30    0   60.61  68.97    20     33   29      7     32    22    68.75
  35   38    0   94.59  94.59    35     37   37      2     40    36    90.00
  36   36    0   96.30  96.30    26     27   27      0     38    33    86.84
  37   14    0   84.62  84.62    11     13   13      1     15    12    80.00
  38   27    0   89.66  89.66    26     29   29      2     28    26    92.86
  39   31    0   82.76  77.42    24     29   31      5     32    28    87.50
  40   19    0   68.42  76.47    13     19   17      3     19    16    84.21
  41   43    0   65.85  69.23    27     41   39      9     47    39    82.98
  42    3    0  100.00  20.00     1      1    5      0      5     1    20.00
  43    1    0  100.00 100.00     1      1    1      0      1     1   100.00
  44   24    0   54.84  62.96    17     31   27      7     31    21    67.74
  45   19    0   82.35  73.68    14     17   19      2     26    18    69.23
  46   77    0   67.61  76.19    48     71   63     12     83    71    85.54
  47   29    0   92.00  92.00    23     25   25      0     30    27    90.00
  48   35    0   68.75  62.86    22     32   35      5     36    31    86.11
  49   64    0   66.67  64.15    34     51   53     14     67    60    89.55
  50   23    0   89.47  80.95    17     19   21      2     23    21    91.30
  51   39    0   66.67  66.67    22     33   33      9     41    35    85.37
  52   21    0   76.19  84.21    16     21   19      3     23    18    78.26
  53   23    0   82.35  93.33    14     17   15      1     25    20    80.00
  54   64    0   92.45  89.09    49     53   55      4     64    64   100.00
  55   20    0   76.47  68.42    13     17   19      2     21    19    90.48
  56   50    0   87.18  79.07    34     39   43      3     51    46    90.20
  57   35    0   62.86  75.86    22     35   29      7     36    34    94.44
  58   42    0   79.07  91.89    34     43   37      2     45    32    71.11
  59    1    0  100.00 100.00     1      1    1      0      5     0     0.00
  60    1    0  100.00 100.00     1      1    1      0      1     1   100.00
  61   13    0   24.14  22.58     7     29   31     12     30    17    56.67
  62   40    0   70.21  62.26    33     47   53      9     40    32    80.00
  63   45    0   64.15  72.34    34     53   47      7     45    42    93.33
  64   35    0   91.30  91.30    21     23   23      0     37    33    89.19
  65   36    0   74.19  69.70    23     31   33      6     37    33    89.19
  66   45    0   79.49  79.49    31     39   39      4     48    42    87.50
  67    1    0  100.00 100.00     1      1    1      0      5     0     0.00
  68   63    0   63.49  61.54    40     63   65     17     67    58    86.57
  69   36    0   80.65  80.65    25     31   31      5     36    35    97.22
  70   42    0   73.17  73.17    30     41   41      9     42    42   100.00
  71   58    0   57.14  57.14    28     49   49     15     62    53    85.48
  72   35    0   70.37  70.37    19     27   27      7     37    32    86.49
  73   63    0   83.02  88.00    44     53   50      4     64    59    92.19
  74   52    0   72.09  72.09    31     43   43      9     55    47    85.45
  75   43    0   59.46  66.67    22     37   33      9     44    42    95.45
  76   67    0   63.93  68.42    39     61   57     14     68    61    89.71
  77   51    0   73.17  76.92    30     41   39      8     52    50    96.15
  78    3    0  100.00  33.33     1      1    3      0      5     1    20.00
  79    1    0  100.00 100.00     1      1    1      0      1     1   100.00
  80   45    0   56.00  48.28    28     50   58     21     56    34    60.71
  81   45    0   56.86  70.73    29     51   41     11     53    38    71.70
  82   20    0   66.67  66.67    10     15   15      4     20    20   100.00
  83   33    0   85.19  85.19    23     27   27      3     33    32    96.97
  84   27    0   69.57  69.57    16     23   23      4     28    26    92.86
  85   54    0   92.45  96.08    49     53   51      1     57    49    85.96
  86   46    0   54.39  68.89    31     57   45     11     56    39    69.64
  87   61    0   60.38  60.38    32     53   53     14     64    57    89.06
  88   10    0  100.00 100.00     5      5    5      0     11     9    81.82
  89   13    0  100.00  81.82     9      9   11      0     13    13   100.00
  90   32    0   45.16  48.28    14     31   29      8     34    26    76.47
  91   25    0   73.68  73.68    14     19   19      4     26    23    88.46
  92   59    0   60.00  81.82    45     75   55      8     65    55    84.62
  93   46    0   93.02  93.02    40     43   43      1     49    40    81.63
  94   41    0   62.22  71.79    28     45   39      5     43    36    83.72
  95   27    0   64.71  64.71    11     17   17      3     29    25    86.21
  96    3    0  100.00  33.33     1      1    3      0      5     1    20.00
  97    1    0  100.00 100.00     1      1    1      0      1     1   100.00
  98   38    0   74.19  56.10    23     31   41      5     39    36    92.31
  99   59    0   56.00  76.36    42     75   55     12     65    55    84.62
 100   46    0   93.02  93.02    40     43   43      1     49    40    81.63
 101   43    0   63.27  72.09    31     49   43      5     44    38    86.36
 102   27    0   52.63  58.82    10     19   17      5     29    25    86.21
 103    3    0  100.00  33.33     1      1    3      0      5     1    20.00
 104    1    0  100.00 100.00     1      1    1      0      1     1   100.00
 105   53    0   51.61  65.31    32     62   49     13     63    46    73.02
 106   61    0   60.38  60.38    32     53   53     15     64    57    89.06
 107   10    0  100.00 100.00     5      5    5      0     11     9    81.82
 108   13    0  100.00  81.82     9      9   11      0     13    13   100.00
 109   32    0   45.16  48.28    14     31   29      8     34    26    76.47
 110   46    0   65.12  53.85    28     43   52     11     51    36    70.59
 111   17    0   80.00  70.59    12     15   17      3     17    17   100.00
 112   46    0   77.78  77.78    35     45   45      4     46    42    91.30
 113   57    0   61.02  73.47    36     59   49     10     61    52    85.25
 114    5    0   60.00 100.00     3      5    3      0      5     5   100.00
 115   29    0   88.89  88.89    24     27   27      1     29    28    96.55
 116   41    0   46.51  64.52    20     43   31      7     48    35    72.92
 117   47    0   95.12  86.67    39     41   45      2     50    43    86.00
 118   29    0   64.52  64.52    20     31   31      8     33    24    72.73
                 72.91  75.12  2708  3714  3605    588   4209  3591    85.32
=== Summary ===
-- All --
Number of sentence        =    118
Number of Error sentence  =      0
Number of Skip  sentence  =      0
Number of Valid sentence  =    118
Bracketing Recall         =  72.91
Bracketing Precision      =  75.12
Bracketing FMeasure       =  74.00
Complete match            =  12.71
Average crossing          =   4.98
No crossing               =  22.03
2 or less crossing        =  39.83
Tagging accuracy          =  85.32

-- len<=40 --
Number of sentence        =     72
Number of Error sentence  =      0
Number of Skip  sentence  =      0
Number of Valid sentence  =     72
Bracketing Recall         =  76.86
Bracketing Precision      =  76.25
Bracketing FMeasure       =  76.55
Complete match            =  20.83
Average crossing          =   2.71
No crossing               =  36.11
2 or less crossing        =  56.94
Tagging accuracy          =  84.55
Current time: 01/21/24 19:08:38.675981000 UTC
